22050 (2992, 13)
22050 (2992, 13)
22050 (2992, 13)
22050 (2992, 13)
22050 (2992, 13)
22050 (2992, 13)
22050 (2992, 13)
22050 (2992, 13)
22050 (2992, 13)
22050 (2992, 13)
22050 (2992, 13)
22050 (2992, 13)
22050 (2992, 13)
22050 (2992, 13)
22050 (2992, 13)
22050 (2992, 13)
22050 (2992, 13)
22050 (2992, 13)
22050 (2992, 13)
22050 (2992, 13)
22050 (2992, 13)
22050 (2992, 13)
22050 (2992, 13)
22050 (2992, 13)
22050 (2992, 13)
22050 (2992, 13)
22050 (2992, 13)
22050 (2992, 13)
22050 (2992, 13)
22050 (2992, 13)
22050 (2992, 13)
22050 (2992, 13)
22050 (2992, 13)
22050 (2992, 13)
22050 (2992, 13)
22050 (2992, 13)
22050 (2992, 13)
22050 (2992, 13)
22050 (2992, 13)
22050 (2992, 13)
22050 (2992, 13)
22050 (2992, 13)
22050 (2992, 13)
22050 (2992, 13)
22050 (2992, 13)
22050 (2992, 13)
22050 (2992, 13)
22050 (2992, 13)
22050 (2992, 13)
22050 (2992, 13)
22050 (2992, 13)
22050 (2992, 13)
22050 (2992, 13)
22050 (2992, 13)
22050 (2992, 13)
22050 (2992, 13)
22050 (2992, 13)
22050 (2992, 13)
22050 (2992, 13)
22050 (2992, 13)
22050 (2992, 13)
22050 (2992, 13)
22050 (2992, 13)
22050 (2992, 13)
22050 (2992, 13)
22050 (2992, 13)
22050 (2992, 13)
22050 (2992, 13)
22050 (2992, 13)
22050 (2992, 13)
22050 (2992, 13)
22050 (2992, 13)
22050 (2992, 13)
22050 (2992, 13)
22050 (2992, 13)
22050 (2992, 13)
22050 (2992, 13)
22050 (2992, 13)
22050 (2992, 13)
22050 (2992, 13)
22050 (2992, 13)
22050 (2992, 13)
22050 (2992, 13)
22050 (2992, 13)
22050 (2992, 13)
22050 (2992, 13)
22050 (2992, 13)
22050 (2992, 13)
22050 (2992, 13)
22050 (2992, 13)
22050 (2992, 13)
22050 (2992, 13)
22050 (2992, 13)
22050 (2992, 13)
22050 (2992, 13)
22050 (2992, 13)
22050 (2992, 13)
22050 (2992, 13)
22050 (2992, 13)
22050 (2992, 13)
22050 (2992, 13)
22050 (2992, 13)
22050 (2992, 13)
22050 (2992, 13)
22050 (2992, 13)
22050 (2992, 13)
22050 (2992, 13)
22050 (2992, 13)
22050 (2992, 13)
22050 (2992, 13)
22050 (2992, 13)
22050 (2992, 13)
22050 (2992, 13)
22050 (2992, 13)
22050 (2992, 13)
22050 (2992, 13)
22050 (2992, 13)
22050 (2992, 13)
22050 (2992, 13)
22050 (2992, 13)
22050 (2992, 13)
22050 (2994, 13)
22050 (2992, 13)
22050 (2994, 13)
22050 (2994, 13)
22050 (2994, 13)
22050 (2994, 13)
22050 (2992, 13)
22050 (2994, 13)
22050 (2992, 13)
22050 (2994, 13)
22050 (2992, 13)
22050 (2994, 13)
22050 (2994, 13)
22050 (2994, 13)
22050 (2994, 13)
22050 (2992, 13)
22050 (2992, 13)
22050 (2992, 13)
22050 (2992, 13)
22050 (2994, 13)
22050 (2994, 13)
22050 (2994, 13)
22050 (2994, 13)
22050 (2992, 13)
22050 (2992, 13)
22050 (2992, 13)
22050 (2992, 13)
22050 (2994, 13)
22050 (2994, 13)
22050 (2992, 13)
22050 (2992, 13)
22050 (2994, 13)
22050 (2994, 13)
22050 (2992, 13)
22050 (2992, 13)
22050 (2994, 13)
22050 (2994, 13)
22050 (2992, 13)
22050 (2992, 13)
22050 (2994, 13)
22050 (2994, 13)
22050 (2992, 13)
22050 (2992, 13)
22050 (2994, 13)
22050 (2994, 13)
22050 (2992, 13)
22050 (2992, 13)
22050 (2994, 13)
22050 (2992, 13)
22050 (2994, 13)
22050 (2992, 13)
22050 (2992, 13)
22050 (2994, 13)
22050 (2994, 13)
22050 (2992, 13)
22050 (2994, 13)
22050 (2994, 13)
22050 (2992, 13)
22050 (2994, 13)
22050 (2992, 13)
22050 (2992, 13)
22050 (2992, 13)
22050 (2992, 13)
22050 (2992, 13)
22050 (2992, 13)
22050 (2992, 13)
22050 (2992, 13)
22050 (2992, 13)
22050 (2992, 13)
22050 (2992, 13)
22050 (2992, 13)
22050 (2992, 13)
22050 (2992, 13)
22050 (2992, 13)
22050 (2992, 13)
22050 (2992, 13)
22050 (2992, 13)
22050 (2992, 13)
22050 (2992, 13)
22050 (2992, 13)
22050 (2992, 13)
22050 (2992, 13)
22050 (2992, 13)
22050 (2992, 13)
22050 (2992, 13)
22050 (2992, 13)
22050 (2992, 13)
22050 (2994, 13)
22050 (2992, 13)
22050 (2992, 13)
22050 (2992, 13)
22050 (2992, 13)
22050 (2992, 13)
22050 (2992, 13)
22050 (2992, 13)
22050 (2992, 13)
22050 (2994, 13)
22050 (2992, 13)
22050 (2994, 13)
22050 (2992, 13)
22050 (2992, 13)
22050 (2992, 13)
22050 (2992, 13)
22050 (2992, 13)
22050 (2992, 13)
22050 (2994, 13)
22050 (2992, 13)
22050 (2992, 13)
22050 (2994, 13)
22050 (2992, 13)
22050 (2992, 13)
22050 (2992, 13)
22050 (2992, 13)
22050 (2994, 13)
22050 (2992, 13)
22050 (2994, 13)
22050 (2994, 13)
22050 (2994, 13)
22050 (2994, 13)
22050 (2994, 13)
22050 (2994, 13)
22050 (2994, 13)
22050 (2994, 13)
22050 (2994, 13)
22050 (2994, 13)
22050 (2994, 13)
22050 (2994, 13)
22050 (2994, 13)
22050 (2994, 13)
22050 (3008, 13)
22050 (2994, 13)
22050 (2994, 13)
22050 (2994, 13)
22050 (2994, 13)
22050 (2994, 13)
22050 (2993, 13)
22050 (2994, 13)
22050 (2994, 13)
22050 (2994, 13)
22050 (3021, 13)
22050 (2994, 13)
22050 (2994, 13)
22050 (2994, 13)
22050 (3001, 13)
22050 (2993, 13)
22050 (2994, 13)
22050 (3021, 13)
22050 (2994, 13)
22050 (3022, 13)
22050 (2994, 13)
22050 (2994, 13)
22050 (3013, 13)
22050 (3004, 13)
22050 (2992, 13)
22050 (2994, 13)
22050 (2992, 13)
22050 (2992, 13)
22050 (2992, 13)
22050 (2992, 13)
22050 (2992, 13)
22050 (2992, 13)
22050 (2992, 13)
22050 (2992, 13)
22050 (2992, 13)
22050 (2992, 13)
22050 (2992, 13)
22050 (2992, 13)
22050 (2992, 13)
22050 (2992, 13)
22050 (2992, 13)
22050 (2992, 13)
22050 (2992, 13)
22050 (2992, 13)
22050 (2992, 13)
22050 (2992, 13)
22050 (2992, 13)
22050 (2992, 13)
22050 (2992, 13)
22050 (2992, 13)
22050 (2994, 13)
22050 (2994, 13)
22050 (2994, 13)
22050 (2994, 13)
22050 (2994, 13)
22050 (2994, 13)
22050 (2994, 13)
22050 (2994, 13)
22050 (2994, 13)
22050 (2994, 13)
22050 (2994, 13)
22050 (2994, 13)
22050 (2994, 13)
22050 (2994, 13)
22050 (2994, 13)
22050 (2994, 13)
22050 (2994, 13)
22050 (2994, 13)
22050 (2994, 13)
22050 (2994, 13)
22050 (2994, 13)
22050 (2994, 13)
22050 (2994, 13)
22050 (2994, 13)
22050 (2994, 13)
22050 (2994, 13)
22050 (2994, 13)
22050 (2994, 13)
22050 (2994, 13)
22050 (2994, 13)
22050 (2994, 13)
22050 (2994, 13)
22050 (2994, 13)
22050 (2994, 13)
22050 (2994, 13)
22050 (2994, 13)
22050 (2994, 13)
22050 (2994, 13)
22050 (2994, 13)
22050 (2994, 13)
22050 (2994, 13)
22050 (2994, 13)
22050 (2994, 13)
22050 (2994, 13)
22050 (2994, 13)
22050 (2994, 13)
22050 (2994, 13)
22050 (2994, 13)
22050 (2994, 13)
22050 (2994, 13)
22050 (2994, 13)
22050 (2994, 13)
22050 (2994, 13)
22050 (2994, 13)
22050 (2994, 13)
22050 (2994, 13)
22050 (2994, 13)
22050 (2994, 13)
22050 (2994, 13)
22050 (2994, 13)
22050 (2994, 13)
22050 (2994, 13)
22050 (2994, 13)
22050 (2994, 13)
22050 (2994, 13)
22050 (2994, 13)
22050 (2994, 13)
22050 (2994, 13)
22050 (2994, 13)
22050 (2994, 13)
22050 (2994, 13)
22050 (2994, 13)
22050 (2994, 13)
22050 (2994, 13)
22050 (2994, 13)
22050 (2994, 13)
22050 (2994, 13)
22050 (2994, 13)
22050 (2994, 13)
22050 (2994, 13)
22050 (2994, 13)
22050 (2994, 13)
22050 (2994, 13)
22050 (2994, 13)
22050 (2994, 13)
22050 (2994, 13)
22050 (2994, 13)
22050 (2994, 13)
22050 (2994, 13)
22050 (2994, 13)
22050 (2994, 13)
22050 (2994, 13)
22050 (2994, 13)
22050 (2994, 13)
22050 (2994, 13)
22050 (2994, 13)
22050 (2994, 13)
22050 (2994, 13)
22050 (2994, 13)
22050 (2994, 13)
22050 (2992, 13)
22050 (2992, 13)
22050 (2992, 13)
22050 (2992, 13)
22050 (2992, 13)
22050 (2992, 13)
22050 (2992, 13)
22050 (2992, 13)
22050 (2992, 13)
22050 (2992, 13)
22050 (2992, 13)
22050 (2994, 13)
22050 (2992, 13)
22050 (2992, 13)
22050 (2992, 13)
22050 (2992, 13)
22050 (2992, 13)
22050 (2992, 13)
22050 (2992, 13)
22050 (2992, 13)
22050 (2992, 13)
22050 (2992, 13)
22050 (2992, 13)
22050 (2992, 13)
22050 (2992, 13)
